route_id,nodes,demands,fuel_costs,distances
1,"['A', 'B', 'C', 'D', 'E', 'F', 'G', 'H', 'I']","[8.349296532508152, 11.546299217351223, 11.421582501234468, 14.105350369797264, 7.249519468544884, 9.627558459181694, 3.967111330766116, 8.521589725109715, 11.177739251207377]","[1.23, 3.89, 4.75, 1.0, 4.97, 3.47, 3.45, 1.03, 1.09]","[[0.0, 46.16463358575368, 18.18407571969881, 71.44829118330344, 31.567325188716634, 38.13793240542651, 43.818349637539896, 27.698925118484766, 92.02687372846142], [46.16463358575368, 0.0, 48.76331771915509, 36.275943454792255, 32.72617443935013, 62.86454454110132, 65.544933103224, 40.92115085006367, 40.04054923579165], [18.18407571969881, 48.76331771915509, 0.0, 60.94060681612409, 69.31638565869443, 27.30781256256309, 61.1087170349612, 45.4261736714543, 52.0889506781639], [71.44829118330344, 36.275943454792255, 60.94060681612409, 0.0, 90.66419794985651, 34.213500940556486, 52.55273501218423, 80.64760806453631, 51.70866513434288], [31.567325188716634, 32.72617443935013, 69.31638565869443, 90.66419794985651, 0.0, 41.24043455173231, 74.63466801786537, 60.95732528514983, 52.77022259812205], [38.13793240542651, 62.86454454110132, 27.30781256256309, 34.213500940556486, 41.24043455173231, 0.0, 54.68303082468192, 31.989973466134856, 39.42527883904141], [43.818349637539896, 65.544933103224, 61.1087170349612, 52.55273501218423, 74.63466801786537, 54.68303082468192, 0.0, 72.03589517278127, 31.616221010126647], [27.698925118484766, 40.92115085006367, 45.4261736714543, 80.64760806453631, 60.95732528514983, 31.989973466134856, 72.03589517278127, 0.0, 72.02480836960652], [92.02687372846142, 40.04054923579165, 52.0889506781639, 51.70866513434288, 52.77022259812205, 39.42527883904141, 31.616221010126647, 72.02480836960652, 0.0]]"
2,"['A', 'B', 'C', 'D', 'E', 'F', 'G', 'H', 'I']","[7.212445999208322, 17.90058466183637, 6.9247273335674056, 7.653856521100482, 11.271829209372802, 12.618115293971552, 16.861677948871876, 14.86876149802412, 12.471199230925425]","[4.52, 3.5, 2.18, 1.42, 2.83, 1.87, 2.67, 4.53, 2.3]","[[0.0, 47.2933947289898, 51.156732711099934, 37.45053997838616, 39.60581372651868, 12.1838012456354, 26.315406852715512, 52.526868731397784, 54.746379325783366], [47.2933947289898, 0.0, 49.95169372416922, 19.366995668205817, 34.15454896968598, 37.13326639839834, 60.066155492977025, 42.36597113119544, 33.14580577147246], [51.156732711099934, 49.95169372416922, 0.0, 54.465337241157386, 50.335450089588726, 45.08523749535338, 71.27734404148205, 25.982457215133007, 64.63559965017966], [37.45053997838616, 19.366995668205817, 54.465337241157386, 0.0, 75.48264737689648, 70.99143593621567, 50.86288946727716, 77.91541803903627, 66.42009130797783], [39.60581372651868, 34.15454896968598, 50.335450089588726, 75.48264737689648, 0.0, 67.19564718959457, 63.735391046714355, 68.32071881329391, 83.1377976930857], [12.1838012456354, 37.13326639839834, 45.08523749535338, 70.99143593621567, 67.19564718959457, 0.0, 70.87488335017167, 55.84068549608091, 62.237038260566536], [26.315406852715512, 60.066155492977025, 71.27734404148205, 50.86288946727716, 63.735391046714355, 70.87488335017167, 0.0, 62.252952723542805, 49.932914795113405], [52.526868731397784, 42.36597113119544, 25.982457215133007, 77.91541803903627, 68.32071881329391, 55.84068549608091, 62.252952723542805, 0.0, 73.68801873748272], [54.746379325783366, 33.14580577147246, 64.63559965017966, 66.42009130797783, 83.1377976930857, 62.237038260566536, 49.932914795113405, 73.68801873748272, 0.0]]"
3,"['A', 'B', 'C', 'D', 'E', 'F', 'G', 'H', 'I', 'J', 'K', 'L', 'M', 'N', 'O', 'P', 'Q', 'R', 'S']","[10.879217419896044, 7.856945745920896, 15.59732353343427, 11.421498762735363, 6.426089508392054, 11.969660825901489, 7.075954989318036, 12.361253811227357, 13.475786737022212, 7.537953044944869, 12.890128387732965, 11.238342780809495, 12.46618047998347, 15.690378947961843, 9.26383565199139, 7.738791506927531, 7.33145671112343, 7.552569145103686, 9.768694871757688]","[4.57, 3.52, 4.18, 3.01, 3.31, 2.97, 1.78, 3.89, 2.12, 1.1, 3.58, 1.71, 4.76, 4.82, 4.66, 2.48, 1.06, 4.71, 2.71]","[[0.0, 83.88019660901475, 47.22520714004486, 53.475660725131746, 36.589002213523734, 53.65608071777642, 50.609985620934964, 18.663734779618068, 67.28884648579404, 81.41197843629641, 77.09976815835313, 32.61720370569724, 56.78171126977827, 56.238517502859715, 93.1655926312219, 58.9942404847454, 70.09927975240815, 71.0897216516689, 47.40188728515869], [83.88019660901475, 0.0, 44.19173554423023, 65.29858637703383, 88.80075571673112, 64.0883395860648, 67.95294743090196, 81.47394160122954, 34.18714771560134, 64.55981414593178, 76.46552679085539, 58.134667206664844, 41.848763494672355, 59.58438262945231, 49.42314056637839, 47.43777596657276, 49.0557650921854, 46.687660247645574, 39.062597398165245], [47.22520714004486, 44.19173554423023, 0.0, 43.13497602040029, 68.11468342007701, 25.377736755980088, 32.690836458094594, 73.94831185337827, 64.9803185343144, 48.63537892794233, 33.67062193309344, 44.24909936707129, 41.55957731516279, 62.310962914318935, 10.30643587582345, 43.98178397658312, 56.88389864741788, 49.5159504367404, 65.71947069931751], [53.475660725131746, 65.29858637703383, 43.13497602040029, 0.0, 69.10316174580495, 47.11741159242881, 70.57072090040266, 50.40659875629265, 30.203648003507446, 88.23266147994275, 48.7388471433764, 43.70262581218407, 70.46713530158502, 16.923875459201955, 30.31276945358394, 61.76290983223361, 72.72931269981211, 68.49242458907695, 44.99867940305162], [36.589002213523734, 88.80075571673112, 68.11468342007701, 69.10316174580495, 0.0, 55.09795138153311, 35.10709729684176, 56.8245768166195, 80.25441988717526, 10.015980604726195, 57.378830402884354, 12.767622217945735, 31.78176570823315, 91.91813110466575, 76.9250315326882, 67.881507938825, 28.81255877601143, 69.31403023351993, 43.909105069960376], [53.65608071777642, 64.0883395860648, 25.377736755980088, 47.11741159242881, 55.09795138153311, 0.0, 68.4506509763933, 72.89369018970653, 44.10132833150823, 69.16823192981792, 54.065810300315604, 43.57687463688093, 38.248450812945386, 82.35992607758112, 53.1549033931869, 44.57337494329139, 56.02665981909092, 77.43725307284225, 66.03552096534536], [50.609985620934964, 67.95294743090196, 32.690836458094594, 70.57072090040266, 35.10709729684176, 68.4506509763933, 0.0, 27.69672109962864, 50.83201514513988, 12.52099616621837, 23.47103870412593, 44.923172401014206, 70.49088446404627, 41.54414221779877, 27.29614476637125, 66.53242369827854, 7.47259407233533, 50.67324326710376, 40.90127971422294], [18.663734779618068, 81.47394160122954, 73.94831185337827, 50.40659875629265, 56.8245768166195, 72.89369018970653, 27.69672109962864, 0.0, 59.14128044281352, 69.42727202557248, 90.65697368976336, 52.30935599540784, 44.26155965162643, 67.34419303659057, 49.40937714124476, 55.346045185865336, 81.64362535703997, 69.39012849548436, 72.37536829984492], [67.28884648579404, 34.18714771560134, 64.9803185343144, 30.203648003507446, 80.25441988717526, 44.10132833150823, 50.83201514513988, 59.14128044281352, 0.0, 68.97834269515043, 54.33042457307464, 65.87059383808545, 79.93695223890624, 64.85640125313448, 50.33061537582961, 80.32969137285477, 55.76586598325976, 42.303035576936125, 28.796759787148428], [81.41197843629641, 64.55981414593178, 48.63537892794233, 88.23266147994275, 10.015980604726195, 69.16823192981792, 12.52099616621837, 69.42727202557248, 68.97834269515043, 0.0, 68.50351362781011, 28.36703580768722, 39.54703471385696, 79.82701844265999, 80.43629190371605, 38.59662225224934, 42.438862275175495, 50.56264218850872, 17.58997119571105], [77.09976815835313, 76.46552679085539, 33.67062193309344, 48.7388471433764, 57.378830402884354, 54.065810300315604, 23.47103870412593, 90.65697368976336, 54.33042457307464, 68.50351362781011, 0.0, 36.443654411106884, 51.77128954150874, 74.43920920286251, 71.52485071139691, 36.011078700645854, 58.16763096367322, 32.0908288308596, 30.340951726473556], [32.61720370569724, 58.134667206664844, 44.24909936707129, 43.70262581218407, 12.767622217945735, 43.57687463688093, 44.923172401014206, 52.30935599540784, 65.87059383808545, 28.36703580768722, 36.443654411106884, 0.0, 17.77950539589325, 58.477375242311375, 45.397951021545325, 82.97502677789106, 13.52774090802393, 93.88084522671853, 38.09021817752706], [56.78171126977827, 41.848763494672355, 41.55957731516279, 70.46713530158502, 31.78176570823315, 38.248450812945386, 70.49088446404627, 44.26155965162643, 79.93695223890624, 39.54703471385696, 51.77128954150874, 17.77950539589325, 0.0, 93.41358675709407, 69.55045482507961, 56.004787179071414, 35.14717001479738, 41.57496565626511, 27.1687961908967], [56.238517502859715, 59.58438262945231, 62.310962914318935, 16.923875459201955, 91.91813110466575, 82.35992607758112, 41.54414221779877, 67.34419303659057, 64.85640125313448, 79.82701844265999, 74.43920920286251, 58.477375242311375, 93.41358675709407, 0.0, 69.8194222424055, 56.484405755007025, 50.79013085026338, 40.48224571246104, 57.7126009624611], [93.1655926312219, 49.42314056637839, 10.30643587582345, 30.31276945358394, 76.9250315326882, 53.1549033931869, 27.29614476637125, 49.40937714124476, 50.33061537582961, 80.43629190371605, 71.52485071139691, 45.397951021545325, 69.55045482507961, 69.8194222424055, 0.0, 13.071821720401417, 74.0954029977101, 73.69933851372315, 56.69995983455134], [58.9942404847454, 47.43777596657276, 43.98178397658312, 61.76290983223361, 67.881507938825, 44.57337494329139, 66.53242369827854, 55.346045185865336, 80.32969137285477, 38.59662225224934, 36.011078700645854, 82.97502677789106, 56.004787179071414, 56.484405755007025, 13.071821720401417, 0.0, 48.34620793516747, 53.09204049940704, 35.43797018009822], [70.09927975240815, 49.0557650921854, 56.88389864741788, 72.72931269981211, 28.81255877601143, 56.02665981909092, 7.47259407233533, 81.64362535703997, 55.76586598325976, 42.438862275175495, 58.16763096367322, 13.52774090802393, 35.14717001479738, 50.79013085026338, 74.0954029977101, 48.34620793516747, 0.0, 51.551046073614586, 43.429126165161236], [71.0897216516689, 46.687660247645574, 49.5159504367404, 68.49242458907695, 69.31403023351993, 77.43725307284225, 50.67324326710376, 69.39012849548436, 42.303035576936125, 50.56264218850872, 32.0908288308596, 93.88084522671853, 41.57496565626511, 40.48224571246104, 73.69933851372315, 53.09204049940704, 51.551046073614586, 0.0, 20.883028974769335], [47.40188728515869, 39.062597398165245, 65.71947069931751, 44.99867940305162, 43.909105069960376, 66.03552096534536, 40.90127971422294, 72.37536829984492, 28.796759787148428, 17.58997119571105, 30.340951726473556, 38.09021817752706, 27.1687961908967, 57.7126009624611, 56.69995983455134, 35.43797018009822, 43.429126165161236, 20.883028974769335, 0.0]]"
4,"['A', 'B', 'C', 'D', 'E', 'F', 'G', 'H', 'I', 'J', 'K', 'L', 'M', 'N', 'O', 'P']","[11.023455924449932, 6.344531076140243, 6.519024924192083, 9.875121897139227, 7.29965302577826, 10.367516495018556, 15.920382674807673, 8.862827061453038, 6.8212625613500535, 10.54452093288193, 7.6743046189969375, 10.07125444599324, 10.946907930043716, 9.894409184612549, 10.169676848767503, 10.576271141897948]","[3.88, 1.25, 1.59, 1.53, 3.75, 4.38, 4.0, 1.12, 4.47, 2.42, 2.59, 1.42, 3.95, 1.73, 3.26, 4.36]","[[0.0, 59.287312349682075, 49.183449011020585, 55.05926879796291, 60.0307207422435, 65.87380202627826, 69.72375151947784, 35.69986093301259, 50.74349988787654, 50.798239275182745, 49.27843769436582, 68.21229160894228, 39.67366334765421, 41.86431021692214, 25.920344877153596, 75.99807790015805], [59.287312349682075, 0.0, 76.0364035493234, 30.168131909413603, 53.524096912620244, 39.63371840955421, 58.437511542723314, 64.08933191475606, 49.87847595429477, 65.53468306218988, 12.448435285599725, 53.04362301804709, 9.25280085616959, 65.28238968015923, 23.334918736287264, 21.981902047916222], [49.183449011020585, 76.0364035493234, 0.0, 67.33166607144703, 55.17046836005872, 7.536245892180423, 80.96051358853155, 51.84318926898063, 68.02556351297869, 57.66757675738124, 42.799470975453694, 67.83426448607165, 42.43440112481055, 82.82231758690247, 18.327593887784047, 78.0282852527174], [55.05926879796291, 30.168131909413603, 67.33166607144703, 0.0, 38.722197265291776, 78.59146420172705, 34.78588397145465, 64.25933120617364, 73.12937776167456, 49.44064162732801, 38.16117802146115, 51.21522062890167, 63.65127478884639, 47.6545305569056, 66.85298953023033, 56.736569880077596], [60.0307207422435, 53.524096912620244, 55.17046836005872, 38.722197265291776, 0.0, 66.80258669089575, 54.63021143109844, 69.95341421313293, 35.711594643247956, 88.72254377082243, 80.3546724826342, 29.83231566710122, 62.49994888714521, 74.31016198269157, 27.671924076742993, 49.45763306299041], [65.87380202627826, 39.63371840955421, 7.536245892180423, 78.59146420172705, 66.80258669089575, 0.0, 70.40861158671797, 91.58420139929044, 36.95621726722821, 22.803377159882928, 78.3611261938548, 67.81260894664183, 30.473955327935606, 62.63092648519017, 80.0695924787108, 60.70618063645343], [69.72375151947784, 58.437511542723314, 80.96051358853155, 34.78588397145465, 54.63021143109844, 70.40861158671797, 0.0, 59.33454843641542, 49.68860119674919, 12.952151481818415, 21.71221820660018, 71.80245393325238, 35.59992405518928, 38.75073233425105, 64.71356116475827, 76.20404730115906], [35.69986093301259, 64.08933191475606, 51.84318926898063, 64.25933120617364, 69.95341421313293, 91.58420139929044, 59.33454843641542, 0.0, 78.64656118332732, 23.95931707660126, 25.921404818815862, 82.7586549160497, 52.93487055303957, 80.58200499474134, 47.92412560593764, 77.44748133840179], [50.74349988787654, 49.87847595429477, 68.02556351297869, 73.12937776167456, 35.711594643247956, 36.95621726722821, 49.68860119674919, 78.64656118332732, 0.0, 67.91556864521232, 39.72387074028752, 61.13926185995886, 79.79210732185393, 72.17699052204975, 97.05529593354947, 49.92177881938734], [50.798239275182745, 65.53468306218988, 57.66757675738124, 49.44064162732801, 88.72254377082243, 22.803377159882928, 12.952151481818415, 23.95931707660126, 67.91556864521232, 0.0, 18.705343326667712, 71.48040626661646, 64.33099719420224, 20.06069599040893, 75.82991334612879, 79.95959883041039], [49.27843769436582, 12.448435285599725, 42.799470975453694, 38.16117802146115, 80.3546724826342, 78.3611261938548, 21.71221820660018, 25.921404818815862, 39.72387074028752, 18.705343326667712, 0.0, 64.40355403572642, 46.26560756444523, 49.719103981679694, 75.05718730577465, 68.74286330467012], [68.21229160894228, 53.04362301804709, 67.83426448607165, 51.21522062890167, 29.83231566710122, 67.81260894664183, 71.80245393325238, 82.7586549160497, 61.13926185995886, 71.48040626661646, 64.40355403572642, 0.0, 47.44023768637318, 73.41886666863594, 36.17001956079484, 77.29697978426898], [39.67366334765421, 9.25280085616959, 42.43440112481055, 63.65127478884639, 62.49994888714521, 30.473955327935606, 35.59992405518928, 52.93487055303957, 79.79210732185393, 64.33099719420224, 46.26560756444523, 47.44023768637318, 0.0, 39.148641227114894, 45.4376290837263, 26.423391814700413], [41.86431021692214, 65.28238968015923, 82.82231758690247, 47.6545305569056, 74.31016198269157, 62.63092648519017, 38.75073233425105, 80.58200499474134, 72.17699052204975, 20.06069599040893, 49.719103981679694, 73.41886666863594, 39.148641227114894, 0.0, 40.66777436106628, 60.65805799363872], [25.920344877153596, 23.334918736287264, 18.327593887784047, 66.85298953023033, 27.671924076742993, 80.0695924787108, 64.71356116475827, 47.92412560593764, 97.05529593354947, 75.82991334612879, 75.05718730577465, 36.17001956079484, 45.4376290837263, 40.66777436106628, 0.0, 44.40115216010959], [75.99807790015805, 21.981902047916222, 78.0282852527174, 56.736569880077596, 49.45763306299041, 60.70618063645343, 76.20404730115906, 77.44748133840179, 49.92177881938734, 79.95959883041039, 68.74286330467012, 77.29697978426898, 26.423391814700413, 60.65805799363872, 44.40115216010959, 0.0]]"
5,"['A', 'B', 'C', 'D', 'E', 'F', 'G', 'H', 'I', 'J', 'K', 'L']","[14.791338167562433, 4.9906624837948, 15.294060802788156, 6.275496307152633, 7.551083772835463, 13.947299524846478, 4.740678859185354, 12.269054707862145, 5.760926963974668, 13.740084209588762, 3.4903669388774246, 4.739591751248012]","[4.79, 4.05, 1.56, 4.47, 2.95, 4.58, 4.2, 2.7, 1.09, 2.07, 3.17, 3.53]","[[0.0, 37.942868637959336, 88.0937536794023, 68.65355761550381, 32.41300979987947, 52.06212616731891, 43.67489301014204, 7.7463306760087, 70.95436860285324, 45.01959808489787, 33.394829602320435, 64.7615877696088], [37.942868637959336, 0.0, 64.30433560846555, 48.95969090488031, 29.09969860333655, 49.47432167929486, 89.21581269191438, 80.02459937871467, 74.32414827508202, 36.6289770585483, 78.13757149344661, 49.82312289317847], [88.0937536794023, 64.30433560846555, 0.0, 43.7618724930356, 35.580918745367356, 45.89654238149904, 74.83727888470676, 52.88223180368763, 73.76582163006928, 31.630373756816734, 48.616055533286456, 38.556874649556605], [68.65355761550381, 48.95969090488031, 43.7618724930356, 0.0, 43.48897891826287, 49.45127437314901, 87.81106714134486, 48.37450351103523, 30.366940462115586, 32.10703530323954, 62.06325778360426, 53.28065931642294], [32.41300979987947, 29.09969860333655, 35.580918745367356, 43.48897891826287, 0.0, 38.0993737001358, 39.86125455120999, 66.56636437092106, 67.90932254195161, 75.25846416016823, 63.59650228292705, 51.739255904329916], [52.06212616731891, 49.47432167929486, 45.89654238149904, 49.45127437314901, 38.0993737001358, 0.0, 42.23328529761311, 92.05808896988852, 13.256747617636567, 65.27701819576144, 73.58714446583643, 25.135728543828794], [43.67489301014204, 89.21581269191438, 74.83727888470676, 87.81106714134486, 39.86125455120999, 42.23328529761311, 0.0, 18.47166440363678, 56.570505000946696, 45.23728886718904, 68.57304161379696, 55.09033900885537], [7.7463306760087, 80.02459937871467, 52.88223180368763, 48.37450351103523, 66.56636437092106, 92.05808896988852, 18.47166440363678, 0.0, 30.049497621362057, 90.99276232160409, 87.56671036958349, 66.697210720825], [70.95436860285324, 74.32414827508202, 73.76582163006928, 30.366940462115586, 67.90932254195161, 13.256747617636567, 56.570505000946696, 30.049497621362057, 0.0, 37.9087785160469, 57.165435250650646, 34.78791288255202], [45.01959808489787, 36.6289770585483, 31.630373756816734, 32.10703530323954, 75.25846416016823, 65.27701819576144, 45.23728886718904, 90.99276232160409, 37.9087785160469, 0.0, 28.953129088371224, 60.4043322319537], [33.394829602320435, 78.13757149344661, 48.616055533286456, 62.06325778360426, 63.59650228292705, 73.58714446583643, 68.57304161379696, 87.56671036958349, 57.165435250650646, 28.953129088371224, 0.0, 57.59603109872181], [64.7615877696088, 49.82312289317847, 38.556874649556605, 53.28065931642294, 51.739255904329916, 25.135728543828794, 55.09033900885537, 66.697210720825, 34.78791288255202, 60.4043322319537, 57.59603109872181, 0.0]]"
6,"['A', 'B', 'C']","[8.365233295123273, 9.26479114505099, 7.350528264710569]","[1.5, 4.83, 4.19]","[[0.0, 74.95577733747554, 98.64698268243842], [74.95577733747554, 0.0, 83.2361475282725], [98.64698268243842, 83.2361475282725, 0.0]]"
7,"['A', 'B', 'C', 'D', 'E', 'F', 'G', 'H', 'I', 'J']","[10.499356624639168, 11.477353792024447, 10.867505931723453, 17.365900419732682, 8.086780047246052, 8.407009134994547, 8.130578420725707, 8.333568642519236, 8.087838618080447, 13.567049593322656]","[1.23, 4.88, 4.54, 4.71, 4.98, 1.7, 2.58, 4.03, 3.78, 1.62]","[[0.0, 57.876460956017795, 49.993792104282385, 69.67863096888173, 66.81188829894505, 71.78039052412225, 38.64965339924111, 92.42151115824532, 20.815155592730193, 47.16946056756177], [57.876460956017795, 0.0, 69.50515923635052, 59.97295092478588, 75.88212717762795, 37.28704380892276, 55.7382145520946, 40.640455507695776, 50.35580141645789, 18.506183260408566], [49.993792104282385, 69.50515923635052, 0.0, 47.66446933917155, 70.58468570312178, 24.534361403098497, 75.44347095060826, 58.56899995702632, 44.257307628281225, 34.190238468954455], [69.67863096888173, 59.97295092478588, 47.66446933917155, 0.0, 49.99052949166178, 82.05156652572137, 55.21840612687667, 80.54779715800103, 74.89611922593166, 61.56795995519382], [66.81188829894505, 75.88212717762795, 70.58468570312178, 49.99052949166178, 0.0, 48.390135441282595, 42.64901339865254, 51.710573141506366, 48.585314173992884, 29.599797488363183], [71.78039052412225, 37.28704380892276, 24.534361403098497, 82.05156652572137, 48.390135441282595, 0.0, 70.17567898949588, 73.62307049737115, 46.70132719878747, 55.22866367167853], [38.64965339924111, 55.7382145520946, 75.44347095060826, 55.21840612687667, 42.64901339865254, 70.17567898949588, 0.0, 42.75615215356916, 87.38955140477267, 63.16669287592424], [92.42151115824532, 40.640455507695776, 58.56899995702632, 80.54779715800103, 51.710573141506366, 73.62307049737115, 42.75615215356916, 0.0, 65.31746755604412, 59.81855276354642], [20.815155592730193, 50.35580141645789, 44.257307628281225, 74.89611922593166, 48.585314173992884, 46.70132719878747, 87.38955140477267, 65.31746755604412, 0.0, 24.17636305458415], [47.16946056756177, 18.506183260408566, 34.190238468954455, 61.56795995519382, 29.599797488363183, 55.22866367167853, 63.16669287592424, 59.81855276354642, 24.17636305458415, 0.0]]"
8,"['A', 'B', 'C', 'D', 'E', 'F', 'G', 'H', 'I', 'J', 'K', 'L', 'M', 'N', 'O', 'P', 'Q', 'R', 'S']","[13.895979202493006, 10.323039609179816, 12.502257155824909, 8.515889893246653, 7.829689557679524, 12.193436587772824, 11.292520733001245, 10.729922992385097, 8.968934956186649, 14.647628429578912, 6.650242587238459, 6.485970970807084, 12.826499515491488, 12.58028915242921, 11.061288336975604, 9.136143334291582, 11.507266387571237, 15.162490891358601, 17.546638623622677]","[1.64, 1.81, 1.36, 1.61, 2.81, 3.12, 1.07, 4.19, 2.18, 4.65, 4.87, 1.74, 2.85, 1.0, 3.39, 3.43, 1.99, 3.23, 1.9]","[[0.0, 40.829813886509186, 22.437675563488963, 55.88046909089385, 51.3469557728236, 53.152928025072036, 31.72406132247498, 69.04464264908674, 63.833351607776436, 70.01053451763997, 97.78322911538297, 80.44549903409258, 65.17374399550141, 48.037428370117354, 58.15156167463831, 56.919737227772366, 51.546689531945, 52.787160620482396, 40.22945810564485], [40.829813886509186, 0.0, 37.71577202651024, 29.847748163093055, 38.42225526837674, 40.222757530958106, 45.13453229402984, 70.70493920572409, 34.08530030330631, 57.931835694415874, 64.69943701557115, 56.10265991045486, 70.9277662766514, 47.01019453936847, 49.62370683253471, 95.02289658559275, 28.88868060561174, 67.94744777504721, 63.07486049732033], [22.437675563488963, 37.71577202651024, 0.0, 18.690423766583937, 51.44302013127958, 62.045854169560116, 55.05407360726677, 49.83209304810195, 20.81862348313242, 61.49775377185526, 50.831156540922294, 70.4422900844022, 60.28251543328459, 45.770563122259915, 52.855450677401706, 56.554008316041596, 66.03557720843567, 36.15669764517299, 59.662460049623974], [55.88046909089385, 29.847748163093055, 18.690423766583937, 0.0, 58.58417624739978, 61.57260514438705, 40.515159975282785, 49.08268386436529, 81.11566260922172, 45.410505511416574, 38.93066944815437, 44.6511361418953, 72.4657937796684, 48.24166342738353, 38.90349038511939, 16.81379656988691, 46.421681506854675, 42.76427710631052, 37.10406725621361], [51.3469557728236, 38.42225526837674, 51.44302013127958, 58.58417624739978, 0.0, 62.539404455481005, 33.9084562725718, 76.717533367474, 19.11529689262432, 66.91311688137488, 64.2222664807107, 58.90921715861015, 63.19938892658992, 58.661492067994885, 85.62316386071655, 67.72819245637169, 62.69944666246039, 42.45546578592039, 62.24767267057199], [53.152928025072036, 40.222757530958106, 62.045854169560116, 61.57260514438705, 62.539404455481005, 0.0, 80.28995651819157, 25.406527100536344, 33.03839224945921, 48.514376682969534, 68.19502804132604, 49.89261553848056, 42.120251666597454, 67.95718615962943, 49.534593830177215, 51.329840668268815, 73.49834917725053, 51.07003881901974, 50.36369423010754], [31.72406132247498, 45.13453229402984, 55.05407360726677, 40.515159975282785, 33.9084562725718, 80.28995651819157, 0.0, 57.82261792554775, 11.980521396817279, 41.948575973511616, 56.33170250796132, 54.85398571161927, 66.8642710670106, 40.905540712605216, 60.54387261366165, 58.447625777059706, 60.257505798338485, 48.36128235429632, 55.66051469686622], [69.04464264908674, 70.70493920572409, 49.83209304810195, 49.08268386436529, 76.717533367474, 25.406527100536344, 57.82261792554775, 0.0, 80.45785028019651, 23.29901570499809, 27.437126932158883, 59.3660990877149, 34.45974769782947, 55.93059060661561, 34.59906756159529, 47.469497027171805, 45.616754198285165, 47.23156663137535, 77.85639270588621], [63.833351607776436, 34.08530030330631, 20.81862348313242, 81.11566260922172, 19.11529689262432, 33.03839224945921, 11.980521396817279, 80.45785028019651, 0.0, 20.368757976825528, 46.993132906183114, 53.876729930224556, 60.657289386827635, 62.448494921716666, 57.96320178271895, 27.91785208076014, 57.72084607257359, 27.000608476228656, 23.67045748203635], [70.01053451763997, 57.931835694415874, 61.49775377185526, 45.410505511416574, 66.91311688137488, 48.514376682969534, 41.948575973511616, 23.29901570499809, 20.368757976825528, 0.0, 83.44989397840519, 33.52632645102966, 21.94768977314525, 78.77808745017688, 31.413279950825682, 46.445958708586005, 58.02570509832567, 51.541610366034874, 66.83552727446735], [97.78322911538297, 64.69943701557115, 50.831156540922294, 38.93066944815437, 64.2222664807107, 68.19502804132604, 56.33170250796132, 27.437126932158883, 46.993132906183114, 83.44989397840519, 0.0, 92.50692278150919, 74.79720550130568, 57.14709640512468, 78.81074758028053, 46.028069784845854, 23.739843927127524, 34.486813186665856, 32.98980203061945], [80.44549903409258, 56.10265991045486, 70.4422900844022, 44.6511361418953, 58.90921715861015, 49.89261553848056, 54.85398571161927, 59.3660990877149, 53.876729930224556, 33.52632645102966, 92.50692278150919, 0.0, 56.13565212269257, 88.86670848058293, 61.94519770517587, 47.29437257496283, 77.12087846365867, 36.79988448706683, 63.09348514917193], [65.17374399550141, 70.9277662766514, 60.28251543328459, 72.4657937796684, 63.19938892658992, 42.120251666597454, 66.8642710670106, 34.45974769782947, 60.657289386827635, 21.94768977314525, 74.79720550130568, 56.13565212269257, 0.0, 34.14808691415786, 75.0130810086502, 82.94328255827179, 70.88860287527098, 82.54248390834391, 42.479887965133685], [48.037428370117354, 47.01019453936847, 45.770563122259915, 48.24166342738353, 58.661492067994885, 67.95718615962943, 40.905540712605216, 55.93059060661561, 62.448494921716666, 78.77808745017688, 57.14709640512468, 88.86670848058293, 34.14808691415786, 0.0, 41.950997441166926, 53.76732006210311, 39.79433084973807, 56.41412538370618, 25.20590683611737], [58.15156167463831, 49.62370683253471, 52.855450677401706, 38.90349038511939, 85.62316386071655, 49.534593830177215, 60.54387261366165, 34.59906756159529, 57.96320178271895, 31.413279950825682, 78.81074758028053, 61.94519770517587, 75.0130810086502, 41.950997441166926, 0.0, 51.29134056694144, 22.24397700132824, 35.0440075438472, 64.38763039383979], [56.919737227772366, 95.02289658559275, 56.554008316041596, 16.81379656988691, 67.72819245637169, 51.329840668268815, 58.447625777059706, 47.469497027171805, 27.91785208076014, 46.445958708586005, 46.028069784845854, 47.29437257496283, 82.94328255827179, 53.76732006210311, 51.29134056694144, 0.0, 62.86273731473642, 84.58480089761426, 40.48069123589979], [51.546689531945, 28.88868060561174, 66.03557720843567, 46.421681506854675, 62.69944666246039, 73.49834917725053, 60.257505798338485, 45.616754198285165, 57.72084607257359, 58.02570509832567, 23.739843927127524, 77.12087846365867, 70.88860287527098, 39.79433084973807, 22.24397700132824, 62.86273731473642, 0.0, 51.49342236847093, 37.78923428236772], [52.787160620482396, 67.94744777504721, 36.15669764517299, 42.76427710631052, 42.45546578592039, 51.07003881901974, 48.36128235429632, 47.23156663137535, 27.000608476228656, 51.541610366034874, 34.486813186665856, 36.79988448706683, 82.54248390834391, 56.41412538370618, 35.0440075438472, 84.58480089761426, 51.49342236847093, 0.0, 53.62889739805033], [40.22945810564485, 63.07486049732033, 59.662460049623974, 37.10406725621361, 62.24767267057199, 50.36369423010754, 55.66051469686622, 77.85639270588621, 23.67045748203635, 66.83552727446735, 32.98980203061945, 63.09348514917193, 42.479887965133685, 25.20590683611737, 64.38763039383979, 40.48069123589979, 37.78923428236772, 53.62889739805033, 0.0]]"
9,"['A', 'B', 'C', 'D', 'E']","[5.0307588835745305, 9.218504314183832, 15.180501526656283, 10.28930115638047, 7.957338153882755]","[4.83, 1.7, 3.76, 1.8, 3.14]","[[0.0, 64.17649260977593, 88.06072447504701, 51.12996758148274, 73.72964107748618], [64.17649260977593, 0.0, 60.17804486453807, 28.20091652645293, 45.90513377598621], [88.06072447504701, 60.17804486453807, 0.0, 80.87192645647838, 31.463121995348203], [51.12996758148274, 28.20091652645293, 80.87192645647838, 0.0, 58.63680934439821], [73.72964107748618, 45.90513377598621, 31.463121995348203, 58.63680934439821, 0.0]]"
10,"['A', 'B', 'C', 'D']","[5.390644778529313, 6.428054283463898, 10.180087017256037, 5.16746663331476]","[4.3, 2.12, 4.77, 4.49]","[[0.0, 60.92263919122527, 62.12052816679412, 38.62303704372891], [60.92263919122527, 0.0, 55.89542273231733, 40.70646770895361], [62.12052816679412, 55.89542273231733, 0.0, 78.15746089164259], [38.62303704372891, 40.70646770895361, 78.15746089164259, 0.0]]"
